2026-07-02 17:37:28.452841
{'algorithm': 't3', 'coordinates': [(6.579982, 27.7, 59.75), (3.939705, 27.7, 71.25), (15.24986, 27.7, 64.43001)], 'distances': [1.3830728955554412, 1.5409673153732417, 1.7168872838730496], 'names': ['NU-AP06167', 'NU-AP06165', 'NU-AP06166'], 'timestamps': ['2026-07-02 17:37:28.126673', '2026-07-02 17:37:28.107673', '2026-07-02 17:37:28.126673'], 'signals': [-53, -54, -55], 'frequencies': [2462, 2437, 2462], 'prediction': (8.610, 27.700, 66.249)}
2026-07-02 17:37:28.832464
{'algorithm': 'ml', 'coordinates': [(6.579982, 27.7, 59.75), (15.24986, 27.7, 64.43001), (3.939705, 27.7, 71.25), (2.959996, 27.7, 44.9301), (16.34996, 27.7, 50.03006), (34.16986, 27.7, 69.65)], 'distances': [1.2413570458869767, 1.7168872838730496, 1.9128906344201124, 3.65915057925218, 13.389382961641566, 25.612425267988378], 'names': ['NU-AP06167', 'NU-AP06166', 'NU-AP06165', 'NU-AP06164', 'NU-AP06163', 'NU-AP06332'], 'timestamps': ['2026-07-02 17:37:28.553622', '2026-07-02 17:37:28.553622', '2026-07-02 17:37:28.532622', '2026-07-02 17:37:28.554622', '2026-07-02 17:37:28.551622', '2026-07-02 17:37:28.508622'], 'signals': [-52, -55, -56, -62, -74, -80], 'frequencies': [2462, 2462, 2437, 2462, 2412, 2462], 'prediction': (8.332, 27.700, 60.108)}
{'algorithm': 't3', 'coordinates': [(6.579982, 27.7, 59.75), (15.24986, 27.7, 64.43001), (3.939705, 27.7, 71.25)], 'distances': [1.2413570458869767, 1.7168872838730496, 1.9128906344201124], 'names': ['NU-AP06167', 'NU-AP06166', 'NU-AP06165'], 'timestamps': ['2026-07-02 17:37:28.553622', '2026-07-02 17:37:28.553622', '2026-07-02 17:37:28.532622'], 'signals': [-52, -55, -56], 'frequencies': [2462, 2462, 2437], 'prediction': (8.626, 27.700, 66.181)}
2026-07-02 17:37:29.525154
{'algorithm': 'ml', 'coordinates': [(15.24986, 27.7, 64.43001), (6.579982, 27.7, 59.75), (3.939705, 27.7, 71.25), (2.959996, 27.7, 44.9301), (16.34996, 27.7, 50.03006), (34.16986, 27.7, 69.65)], 'distances': [1.1141620375362717, 1.2413570458869767, 2.64566718862831, 3.65915057925218, 13.389382961641566, 28.536391922827427], 'names': ['NU-AP06166', 'NU-AP06167', 'NU-AP06165', 'NU-AP06164', 'NU-AP06163', 'NU-AP06332'], 'timestamps': ['2026-07-02 17:37:28.932022', '2026-07-02 17:37:28.931022', '2026-07-02 17:37:28.919022', '2026-07-02 17:37:28.934022', '2026-07-02 17:37:28.934022', '2026-07-02 17:37:28.896022'], 'signals': [-51, -52, -59, -62, -74, -81], 'frequencies': [2462, 2462, 2437, 2462, 2412, 2462], 'prediction': (5.590, 27.700, 59.551)}
{'algorithm': 't3', 'coordinates': [(15.24986, 27.7, 64.43001), (6.579982, 27.7, 59.75), (3.939705, 27.7, 71.25)], 'distances': [1.1141620375362717, 1.2413570458869767, 2.64566718862831], 'names': ['NU-AP06166', 'NU-AP06167', 'NU-AP06165'], 'timestamps': ['2026-07-02 17:37:28.932022', '2026-07-02 17:37:28.931022', '2026-07-02 17:37:28.919022'], 'signals': [-51, -52, -59], 'frequencies': [2462, 2462, 2437], 'prediction': (8.783, 27.700, 66.072)}
2026-07-02 17:37:29.920032
{'algorithm': 'ml', 'coordinates': [(6.579982, 27.7, 59.75), (15.24986, 27.7, 64.43001), (3.939705, 27.7, 71.25), (2.959996, 27.7, 44.9301), (16.34996, 27.7, 50.03006), (34.16986, 27.7, 69.65)], 'distances': [0.8975355166572392, 1.1141620375362717, 2.64566718862831, 3.2842176056757415, 13.389382961641566, 28.536391922827427], 'names': ['NU-AP06167', 'NU-AP06166', 'NU-AP06165', 'NU-AP06164', 'NU-AP06163', 'NU-AP06332'], 'timestamps': ['2026-07-02 17:37:29.623311', '2026-07-02 17:37:29.625310', '2026-07-02 17:37:29.616311', '2026-07-02 17:37:29.626311', '2026-07-02 17:37:29.623311', '2026-07-02 17:37:29.589310'], 'signals': [-49, -51, -59, -61, -74, -81], 'frequencies': [2462, 2462, 2437, 2462, 2412, 2462], 'prediction': (5.587, 27.700, 59.524)}
{'algorithm': 't3', 'coordinates': [(6.579982, 27.7, 59.75), (15.24986, 27.7, 64.43001), (3.939705, 27.7, 71.25)], 'distances': [0.8975355166572392, 1.1141620375362717, 2.64566718862831], 'names': ['NU-AP06167', 'NU-AP06166', 'NU-AP06165'], 'timestamps': ['2026-07-02 17:37:29.623311', '2026-07-02 17:37:29.625310', '2026-07-02 17:37:29.616311'], 'signals': [-49, -51, -59], 'frequencies': [2462, 2462, 2437], 'prediction': (8.761, 27.700, 66.034)}
2026-07-02 17:37:30.315637
{'algorithm': 't3', 'coordinates': [(6.579982, 27.7, 59.75), (15.24986, 27.7, 64.43001), (3.939705, 27.7, 71.25)], 'distances': [1.2413570458869767, 1.5409673153732417, 2.3745802670486156], 'names': ['NU-AP06167', 'NU-AP06166', 'NU-AP06165'], 'timestamps': ['2026-07-02 17:37:30.020477', '2026-07-02 17:37:30.021477', '2026-07-02 17:37:29.999477'], 'signals': [-52, -54, -58], 'frequencies': [2462, 2462, 2437], 'prediction': (8.696, 27.700, 66.111)}
2026-07-02 17:37:30.721072
{'algorithm': 'ml', 'coordinates': [(6.579982, 27.7, 59.75), (3.939705, 27.7, 71.25), (15.24986, 27.7, 64.43001), (2.959996, 27.7, 44.9301), (16.34996, 27.7, 50.03006), (34.16986, 27.7, 69.65)], 'distances': [1.3830728955554412, 1.5409673153732417, 1.9128906344201124, 3.65915057925218, 12.017446754198597, 22.98806134574888], 'names': ['NU-AP06167', 'NU-AP06165', 'NU-AP06166', 'NU-AP06164', 'NU-AP06163', 'NU-AP06332'], 'timestamps': ['2026-07-02 17:37:30.416258', '2026-07-02 17:37:30.405258', '2026-07-02 17:37:30.416258', '2026-07-02 17:37:30.417258', '2026-07-02 17:37:30.415258', '2026-07-02 17:37:30.383258'], 'signals': [-53, -54, -56, -62, -73, -79], 'frequencies': [2462, 2437, 2462, 2462, 2412, 2462], 'prediction': (10.644, 27.700, 60.119)}
{'algorithm': 't3', 'coordinates': [(6.579982, 27.7, 59.75), (3.939705, 27.7, 71.25), (15.24986, 27.7, 64.43001)], 'distances': [1.3830728955554412, 1.5409673153732417, 1.9128906344201124], 'names': ['NU-AP06167', 'NU-AP06165', 'NU-AP06166'], 'timestamps': ['2026-07-02 17:37:30.416258', '2026-07-02 17:37:30.405258', '2026-07-02 17:37:30.416258'], 'signals': [-53, -54, -56], 'frequencies': [2462, 2437, 2462], 'prediction': (8.574, 27.700, 66.241)}
2026-07-02 17:37:31.108691
{'algorithm': 'ml', 'coordinates': [(6.579982, 27.7, 59.75), (15.24986, 27.7, 64.43001), (3.939705, 27.7, 71.25), (2.959996, 27.7, 44.9301), (16.34996, 27.7, 50.03006), (34.16986, 27.7, 69.65)], 'distances': [1.0, 2.64566718862831, 2.9477019455249778, 3.65915057925218, 12.017446754198597, 28.536391922827427], 'names': ['NU-AP06167', 'NU-AP06166', 'NU-AP06165', 'NU-AP06164', 'NU-AP06163', 'NU-AP06332'], 'timestamps': ['2026-07-02 17:37:30.821572', '2026-07-02 17:37:30.821572', '2026-07-02 17:37:30.810572', '2026-07-02 17:37:30.821572', '2026-07-02 17:37:30.821572', '2026-07-02 17:37:30.781572'], 'signals': [-50, -59, -60, -62, -73, -81], 'frequencies': [2462, 2462, 2437, 2462, 2412, 2462], 'prediction': (5.718, 27.700, 59.093)}
{'algorithm': 't3', 'coordinates': [(6.579982, 27.7, 59.75), (15.24986, 27.7, 64.43001), (3.939705, 27.7, 71.25)], 'distances': [1.0, 2.64566718862831, 2.9477019455249778], 'names': ['NU-AP06167', 'NU-AP06166', 'NU-AP06165'], 'timestamps': ['2026-07-02 17:37:30.821572', '2026-07-02 17:37:30.821572', '2026-07-02 17:37:30.810572'], 'signals': [-50, -59, -60], 'frequencies': [2462, 2462, 2437], 'prediction': (8.506, 27.700, 65.911)}
2026-07-02 17:37:31.549353
{'algorithm': 'ml', 'coordinates': [(6.579982, 27.7, 59.75), (15.24986, 27.7, 64.43001), (3.939705, 27.7, 71.25), (2.959996, 27.7, 44.9301), (16.34996, 27.7, 50.03006), (34.16986, 27.7, 69.65)], 'distances': [1.0, 1.3830728955554412, 2.64566718862831, 3.2842176056757415, 12.017446754198597, 25.612425267988378], 'names': ['NU-AP06167', 'NU-AP06166', 'NU-AP06165', 'NU-AP06164', 'NU-AP06163', 'NU-AP06332'], 'timestamps': ['2026-07-02 17:37:31.209062', '2026-07-02 17:37:31.209062', '2026-07-02 17:37:31.190062', '2026-07-02 17:37:31.209062', '2026-07-02 17:37:31.209062', '2026-07-02 17:37:31.168062'], 'signals': [-50, -53, -59, -61, -73, -80], 'frequencies': [2462, 2462, 2437, 2462, 2412, 2462], 'prediction': (8.451, 27.700, 59.616)}
{'algorithm': 't3', 'coordinates': [(6.579982, 27.7, 59.75), (15.24986, 27.7, 64.43001), (3.939705, 27.7, 71.25)], 'distances': [1.0, 1.3830728955554412, 2.64566718862831], 'names': ['NU-AP06167', 'NU-AP06166', 'NU-AP06165'], 'timestamps': ['2026-07-02 17:37:31.209062', '2026-07-02 17:37:31.209062', '2026-07-02 17:37:31.190062'], 'signals': [-50, -53, -59], 'frequencies': [2462, 2462, 2437], 'prediction': (8.732, 27.700, 66.036)}
2026-07-02 17:37:32.009136
{'algorithm': 'ml', 'coordinates': [(6.579982, 27.7, 59.75), (15.24986, 27.7, 64.43001), (3.939705, 27.7, 71.25), (2.959996, 27.7, 44.9301), (16.34996, 27.7, 50.03006), (34.16986, 27.7, 69.65)], 'distances': [1.1141620375362717, 1.7168872838730496, 2.3745802670486156, 4.542312353516106, 13.389382961641566, 28.536391922827427], 'names': ['NU-AP06167', 'NU-AP06166', 'NU-AP06165', 'NU-AP06164', 'NU-AP06163', 'NU-AP06332'], 'timestamps': ['2026-07-02 17:37:31.650809', '2026-07-02 17:37:31.649809', '2026-07-02 17:37:31.651809', '2026-07-02 17:37:31.650809', '2026-07-02 17:37:31.646809', '2026-07-02 17:37:31.612809'], 'signals': [-51, -55, -58, -64, -74, -81], 'frequencies': [2462, 2462, 2437, 2462, 2412, 2462], 'prediction': (5.579, 27.700, 59.648)}
{'algorithm': 't3', 'coordinates': [(6.579982, 27.7, 59.75), (15.24986, 27.7, 64.43001), (3.939705, 27.7, 71.25)], 'distances': [1.1141620375362717, 1.7168872838730496, 2.3745802670486156], 'names': ['NU-AP06167', 'NU-AP06166', 'NU-AP06165'], 'timestamps': ['2026-07-02 17:37:31.650809', '2026-07-02 17:37:31.649809', '2026-07-02 17:37:31.651809'], 'signals': [-51, -55, -58], 'frequencies': [2462, 2462, 2437], 'prediction': (8.658, 27.700, 66.089)}
2026-07-02 17:37:32.423219
{'algorithm': 'ml', 'coordinates': [(6.579982, 27.7, 59.75), (15.24986, 27.7, 64.43001), (3.939705, 27.7, 71.25), (2.959996, 27.7, 44.9301), (16.34996, 27.7, 50.03006)], 'distances': [1.2413570458869767, 3.2842176056757415, 3.65915057925218, 4.076886665031638, 9.680894625777768], 'names': ['NU-AP06167', 'NU-AP06166', 'NU-AP06165', 'NU-AP06164', 'NU-AP06163'], 'timestamps': ['2026-07-02 17:37:32.109830', '2026-07-02 17:37:32.106830', '2026-07-02 17:37:32.107830', '2026-07-02 17:37:32.110830', '2026-07-02 17:37:32.106830'], 'signals': [-52, -61, -62, -63, -71], 'frequencies': [2462, 2462, 2437, 2462, 2412], 'prediction': (4.271, 27.700, 58.151)}
{'algorithm': 't3', 'coordinates': [(6.579982, 27.7, 59.75), (15.24986, 27.7, 64.43001), (3.939705, 27.7, 71.25)], 'distances': [1.2413570458869767, 3.2842176056757415, 3.65915057925218], 'names': ['NU-AP06167', 'NU-AP06166', 'NU-AP06165'], 'timestamps': ['2026-07-02 17:37:32.109830', '2026-07-02 17:37:32.106830', '2026-07-02 17:37:32.107830'], 'signals': [-52, -61, -62], 'frequencies': [2462, 2462, 2437], 'prediction': (8.427, 27.700, 65.712)}
2026-07-02 17:37:32.837132
{'algorithm': 'ml', 'coordinates': [(6.579982, 27.7, 59.75), (3.939705, 27.7, 71.25), (2.959996, 27.7, 44.9301), (15.24986, 27.7, 64.43001), (16.34996, 27.7, 50.03006)], 'distances': [0.5824494184289981, 2.64566718862831, 4.542312353516106, 6.999554872984425, 10.7860852814305], 'names': ['NU-AP06167', 'NU-AP06165', 'NU-AP06164', 'NU-AP06166', 'NU-AP06163'], 'timestamps': ['2026-07-02 17:37:32.522680', '2026-07-02 17:37:32.522680', '2026-07-02 17:37:32.524680', '2026-07-02 17:37:32.524680', '2026-07-02 17:37:32.520680'], 'signals': [-45, -59, -64, -68, -72], 'frequencies': [2462, 2437, 2462, 2462, 2412], 'prediction': (3.275, 27.700, 58.099)}
2026-07-02 17:37:33.266704
{'algorithm': 'ml', 'coordinates': [(6.579982, 27.7, 59.75), (3.939705, 27.7, 71.25), (2.959996, 27.7, 44.9301), (15.24986, 27.7, 64.43001), (16.34996, 27.7, 50.03006)], 'distances': [0.6489430307986691, 1.9128906344201124, 2.64566718862831, 6.282349099294772, 9.680894625777768], 'names': ['NU-AP06167', 'NU-AP06165', 'NU-AP06164', 'NU-AP06166', 'NU-AP06163'], 'timestamps': ['2026-07-02 17:37:32.930783', '2026-07-02 17:37:32.923783', '2026-07-02 17:37:32.933783', '2026-07-02 17:37:32.934783', '2026-07-02 17:37:32.937783'], 'signals': [-46, -56, -59, -67, -71], 'frequencies': [2462, 2437, 2462, 2462, 2412], 'prediction': (3.747, 27.700, 57.788)}
2026-07-02 17:37:33.681383
{'algorithm': 'ml', 'coordinates': [(6.579982, 27.7, 59.75), (2.959996, 27.7, 44.9301), (3.939705, 27.7, 71.25), (16.34996, 27.7, 50.03006), (15.24986, 27.7, 64.43001)], 'distances': [0.4692037801362986, 1.9128906344201124, 4.542312353516106, 6.999554872984425, 10.7860852814305], 'names': ['NU-AP06167', 'NU-AP06164', 'NU-AP06165', 'NU-AP06163', 'NU-AP06166'], 'timestamps': ['2026-07-02 17:37:33.366907', '2026-07-02 17:37:33.368907', '2026-07-02 17:37:33.358907', '2026-07-02 17:37:33.364907', '2026-07-02 17:37:33.367907'], 'signals': [-43, -56, -64, -68, -72], 'frequencies': [2462, 2462, 2437, 2412, 2462], 'prediction': (1.939, 27.700, 56.274)}
2026-07-02 17:37:34.059157
{'algorithm': 'ml', 'coordinates': [(6.579982, 27.7, 59.75), (3.939705, 27.7, 71.25), (2.959996, 27.7, 44.9301), (16.34996, 27.7, 50.03006), (15.24986, 27.7, 64.43001)], 'distances': [0.6489430307986691, 2.3745802670486156, 2.3745802670486156, 6.999554872984425, 12.017446754198597], 'names': ['NU-AP06167', 'NU-AP06165', 'NU-AP06164', 'NU-AP06163', 'NU-AP06166'], 'timestamps': ['2026-07-02 17:37:33.781873', '2026-07-02 17:37:33.781873', '2026-07-02 17:37:33.774873', '2026-07-02 17:37:33.778872', '2026-07-02 17:37:33.777873'], 'signals': [-46, -58, -58, -68, -73], 'frequencies': [2462, 2437, 2462, 2412, 2462], 'prediction': (0.606, 27.700, 56.083)}
2026-07-02 17:37:34.393376
{'algorithm': 'ml', 'coordinates': [(6.579982, 27.7, 59.75), (2.959996, 27.7, 44.9301), (3.939705, 27.7, 71.25), (16.34996, 27.7, 50.03006), (15.24986, 27.7, 64.43001)], 'distances': [1.0, 1.5409673153732417, 2.64566718862831, 6.999554872984425, 12.017446754198597], 'names': ['NU-AP06167', 'NU-AP06164', 'NU-AP06165', 'NU-AP06163', 'NU-AP06166'], 'timestamps': ['2026-07-02 17:37:34.156040', '2026-07-02 17:37:34.158040', '2026-07-02 17:37:34.153040', '2026-07-02 17:37:34.157040', '2026-07-02 17:37:34.157040'], 'signals': [-50, -54, -59, -68, -73], 'frequencies': [2462, 2462, 2437, 2412, 2462], 'prediction': (0.606, 27.700, 56.029)}
2026-07-02 17:37:34.800939
2026-07-02 17:37:35.371929
{'algorithm': 't3', 'coordinates': [(2.959996, 27.7, 44.9301), (6.579982, 27.7, 59.75), (16.34996, 27.7, 50.03006)], 'distances': [2.3745802670486156, 2.64566718862831, 4.076886665031638], 'names': ['NU-AP06164', 'NU-AP06167', 'NU-AP06163'], 'timestamps': ['2026-07-02 17:37:35.149074', '2026-07-02 17:37:35.149074', '2026-07-02 17:37:35.145074'], 'signals': [-58, -59, -63], 'frequencies': [2462, 2462, 2412], 'prediction': (7.682, 27.700, 51.583)}
2026-07-02 17:37:35.880569
{'algorithm': 't3', 'coordinates': [(6.579982, 27.7, 59.75), (2.959996, 27.7, 44.9301), (16.34996, 27.7, 50.03006)], 'distances': [1.3830728955554412, 2.3745802670486156, 3.65915057925218], 'names': ['NU-AP06167', 'NU-AP06164', 'NU-AP06163'], 'timestamps': ['2026-07-02 17:37:35.686649', '2026-07-02 17:37:35.688649', '2026-07-02 17:37:35.686649'], 'signals': [-53, -58, -62], 'frequencies': [2462, 2462, 2412], 'prediction': (7.743, 27.700, 51.739)}
2026-07-02 17:37:36.454703
{'algorithm': 'ml', 'coordinates': [(6.579982, 27.7, 59.75), (2.959996, 27.7, 44.9301), (16.34996, 27.7, 50.03006), (3.939705, 27.7, 71.25)], 'distances': [1.5409673153732417, 1.5409673153732417, 2.9477019455249778, 4.542312353516106], 'names': ['NU-AP06167', 'NU-AP06164', 'NU-AP06163', 'NU-AP06165'], 'timestamps': ['2026-07-02 17:37:36.231446', '2026-07-02 17:37:36.231446', '2026-07-02 17:37:36.230445', '2026-07-02 17:37:36.230445'], 'signals': [-54, -54, -60, -64], 'frequencies': [2462, 2462, 2412, 2437], 'prediction': (5.366, 27.700, 58.366)}
{'algorithm': 't3', 'coordinates': [(6.579982, 27.7, 59.75), (2.959996, 27.7, 44.9301), (16.34996, 27.7, 50.03006)], 'distances': [1.5409673153732417, 1.5409673153732417, 2.9477019455249778], 'names': ['NU-AP06167', 'NU-AP06164', 'NU-AP06163'], 'timestamps': ['2026-07-02 17:37:36.231446', '2026-07-02 17:37:36.231446', '2026-07-02 17:37:36.230445'], 'signals': [-54, -54, -60], 'frequencies': [2462, 2462, 2412], 'prediction': (7.855, 27.700, 51.586)}
2026-07-02 17:37:37.017299
{'algorithm': 't3', 'coordinates': [(2.959996, 27.7, 44.9301), (6.579982, 27.7, 59.75), (16.34996, 27.7, 50.03006)], 'distances': [1.3830728955554412, 2.9477019455249778, 3.2842176056757415], 'names': ['NU-AP06164', 'NU-AP06167', 'NU-AP06163'], 'timestamps': ['2026-07-02 17:37:36.798862', '2026-07-02 17:37:36.796862', '2026-07-02 17:37:36.792862'], 'signals': [-53, -60, -61], 'frequencies': [2462, 2462, 2412], 'prediction': (7.846, 27.700, 51.360)}
2026-07-02 17:37:37.576085
{'algorithm': 't3', 'coordinates': [(2.959996, 27.7, 44.9301), (16.34996, 27.7, 50.03006), (6.579982, 27.7, 59.75)], 'distances': [1.0, 1.9128906344201124, 1.9128906344201124], 'names': ['NU-AP06164', 'NU-AP06163', 'NU-AP06167'], 'timestamps': ['2026-07-02 17:37:37.360137', '2026-07-02 17:37:37.365137', '2026-07-02 17:37:37.359137'], 'signals': [-50, -56, -56], 'frequencies': [2462, 2412, 2462], 'prediction': (8.043, 27.700, 51.451)}
2026-07-02 17:37:38.125937
{'algorithm': 'ml', 'coordinates': [(2.959996, 27.7, 44.9301), (16.34996, 27.7, 50.03006), (6.579982, 27.7, 59.75), (3.939705, 27.7, 71.25)], 'distances': [1.0, 1.7168872838730496, 1.9128906344201124, 4.076886665031638], 'names': ['NU-AP06164', 'NU-AP06163', 'NU-AP06167', 'NU-AP06165'], 'timestamps': ['2026-07-02 17:37:37.909111', '2026-07-02 17:37:37.907111', '2026-07-02 17:37:37.913111', '2026-07-02 17:37:37.908112'], 'signals': [-50, -55, -56, -63], 'frequencies': [2462, 2412, 2462, 2437], 'prediction': (5.507, 27.700, 58.432)}
{'algorithm': 't3', 'coordinates': [(2.959996, 27.7, 44.9301), (16.34996, 27.7, 50.03006), (6.579982, 27.7, 59.75)], 'distances': [1.0, 1.7168872838730496, 1.9128906344201124], 'names': ['NU-AP06164', 'NU-AP06163', 'NU-AP06167'], 'timestamps': ['2026-07-02 17:37:37.909111', '2026-07-02 17:37:37.907111', '2026-07-02 17:37:37.913111'], 'signals': [-50, -55, -56], 'frequencies': [2462, 2412, 2462], 'prediction': (8.073, 27.700, 51.444)}
2026-07-02 17:37:38.679639
{'algorithm': 'ml', 'coordinates': [(2.959996, 27.7, 44.9301), (6.579982, 27.7, 59.75), (16.34996, 27.7, 50.03006), (3.939705, 27.7, 71.25)], 'distances': [0.7230276894396087, 1.7168872838730496, 1.9128906344201124, 5.060871986919683], 'names': ['NU-AP06164', 'NU-AP06167', 'NU-AP06163', 'NU-AP06165'], 'timestamps': ['2026-07-02 17:37:38.472296', '2026-07-02 17:37:38.472296', '2026-07-02 17:37:38.473296', '2026-07-02 17:37:38.470297'], 'signals': [-47, -55, -56, -65], 'frequencies': [2462, 2462, 2412, 2437], 'prediction': (5.537, 27.700, 58.228)}
{'algorithm': 't3', 'coordinates': [(2.959996, 27.7, 44.9301), (6.579982, 27.7, 59.75), (16.34996, 27.7, 50.03006)], 'distances': [0.7230276894396087, 1.7168872838730496, 1.9128906344201124], 'names': ['NU-AP06164', 'NU-AP06167', 'NU-AP06163'], 'timestamps': ['2026-07-02 17:37:38.472296', '2026-07-02 17:37:38.472296', '2026-07-02 17:37:38.473296'], 'signals': [-47, -55, -56], 'frequencies': [2462, 2462, 2412], 'prediction': (8.020, 27.700, 51.464)}
2026-07-02 17:37:39.259856
{'algorithm': 'ml', 'coordinates': [(2.959996, 27.7, 44.9301), (16.34996, 27.7, 50.03006), (6.579982, 27.7, 59.75), (3.939705, 27.7, 71.25)], 'distances': [1.0, 1.3830728955554412, 2.131270126829564, 6.282349099294772], 'names': ['NU-AP06164', 'NU-AP06163', 'NU-AP06167', 'NU-AP06165'], 'timestamps': ['2026-07-02 17:37:39.034321', '2026-07-02 17:37:39.030321', '2026-07-02 17:37:39.033321', '2026-07-02 17:37:39.014321'], 'signals': [-50, -53, -57, -67], 'frequencies': [2462, 2412, 2462, 2437], 'prediction': (5.725, 27.700, 57.944)}
{'algorithm': 't3', 'coordinates': [(2.959996, 27.7, 44.9301), (16.34996, 27.7, 50.03006), (6.579982, 27.7, 59.75)], 'distances': [1.0, 1.3830728955554412, 2.131270126829564], 'names': ['NU-AP06164', 'NU-AP06163', 'NU-AP06167'], 'timestamps': ['2026-07-02 17:37:39.034321', '2026-07-02 17:37:39.030321', '2026-07-02 17:37:39.033321'], 'signals': [-50, -53, -57], 'frequencies': [2462, 2412, 2462], 'prediction': (8.128, 27.700, 51.400)}
{'algorithm': 'mb', 'coordinates': [(2.959996, 27.7, 44.9301), (16.34996, 27.7, 50.03006), (6.579982, 27.7, 59.75), (1.59, 31.3, 46.54)], 'distances': [1.0, 1.3830728955554412, 2.131270126829564, 6.282349099294772], 'names': ['NU-AP06164', 'NU-AP06163', 'NU-AP06167', 'NU-AP07295'], 'timestamps': ['2026-07-02 17:37:39.034321', '2026-07-02 17:37:39.030321', '2026-07-02 17:37:39.033321', '2026-07-02 17:37:39.023321'], 'signals': [-50, -53, -57, -67], 'frequencies': [2462, 2412, 2462, 2462], 'prediction': (62.640, 300.470, 106.193)}
2026-07-02 17:37:39.803779
{'algorithm': 'ml', 'coordinates': [(2.959996, 27.7, 44.9301), (16.34996, 27.7, 50.03006), (6.579982, 27.7, 59.75), (3.939705, 27.7, 71.25)], 'distances': [0.5227690396963793, 1.9128906344201124, 2.64566718862831, 6.999554872984425], 'names': ['NU-AP06164', 'NU-AP06163', 'NU-AP06167', 'NU-AP06165'], 'timestamps': ['2026-07-02 17:37:39.552212', '2026-07-02 17:37:39.578212', '2026-07-02 17:37:39.549212', '2026-07-02 17:37:39.576212'], 'signals': [-44, -56, -59, -68], 'frequencies': [2462, 2412, 2462, 2437], 'prediction': (5.710, 27.700, 57.739)}
{'algorithm': 't3', 'coordinates': [(2.959996, 27.7, 44.9301), (16.34996, 27.7, 50.03006), (6.579982, 27.7, 59.75)], 'distances': [0.5227690396963793, 1.9128906344201124, 2.64566718862831], 'names': ['NU-AP06164', 'NU-AP06163', 'NU-AP06167'], 'timestamps': ['2026-07-02 17:37:39.552212', '2026-07-02 17:37:39.578212', '2026-07-02 17:37:39.549212'], 'signals': [-44, -56, -59], 'frequencies': [2462, 2412, 2462], 'prediction': (8.071, 27.700, 51.307)}
2026-07-02 17:37:40.425287
{'algorithm': 't3', 'coordinates': [(2.959996, 27.7, 44.9301), (16.34996, 27.7, 50.03006), (6.579982, 27.7, 59.75)], 'distances': [0.7230276894396087, 1.7168872838730496, 1.9128906344201124], 'names': ['NU-AP06164', 'NU-AP06163', 'NU-AP06167'], 'timestamps': ['2026-07-02 17:37:40.219026', '2026-07-02 17:37:40.213026', '2026-07-02 17:37:40.218026'], 'signals': [-47, -55, -56], 'frequencies': [2462, 2412, 2462], 'prediction': (8.060, 27.700, 51.431)}
2026-07-02 17:37:41.068703
{'algorithm': 'ml', 'coordinates': [(2.959996, 27.7, 44.9301), (16.34996, 27.7, 50.03006), (6.579982, 27.7, 59.75), (3.939705, 27.7, 71.25)], 'distances': [0.4211270572221624, 1.9128906344201124, 3.65915057925218, 6.999554872984425], 'names': ['NU-AP06164', 'NU-AP06163', 'NU-AP06167', 'NU-AP06165'], 'timestamps': ['2026-07-02 17:37:40.848914', '2026-07-02 17:37:40.850914', '2026-07-02 17:37:40.853914', '2026-07-02 17:37:40.844914'], 'signals': [-42, -56, -62, -68], 'frequencies': [2462, 2412, 2462, 2437], 'prediction': (5.700, 27.700, 57.765)}
{'algorithm': 't3', 'coordinates': [(2.959996, 27.7, 44.9301), (16.34996, 27.7, 50.03006), (6.579982, 27.7, 59.75)], 'distances': [0.4211270572221624, 1.9128906344201124, 3.65915057925218], 'names': ['NU-AP06164', 'NU-AP06163', 'NU-AP06167'], 'timestamps': ['2026-07-02 17:37:40.848914', '2026-07-02 17:37:40.850914', '2026-07-02 17:37:40.853914'], 'signals': [-42, -56, -62], 'frequencies': [2462, 2412, 2462], 'prediction': (8.159, 27.700, 51.066)}
2026-07-02 17:37:41.654783
{'algorithm': 't3', 'coordinates': [(2.959996, 27.7, 44.9301), (6.579982, 27.7, 59.75), (16.34996, 27.7, 50.03006)], 'distances': [0.8055700036611773, 3.2842176056757415, 4.542312353516106], 'names': ['NU-AP06164', 'NU-AP06167', 'NU-AP06163'], 'timestamps': ['2026-07-02 17:37:41.417465', '2026-07-02 17:37:41.391465', '2026-07-02 17:37:41.413465'], 'signals': [-48, -61, -64], 'frequencies': [2462, 2462, 2412], 'prediction': (7.436, 27.700, 51.347)}
2026-07-02 17:37:42.212379
{'algorithm': 'ml', 'coordinates': [(2.959996, 27.7, 44.9301), (6.579982, 27.7, 59.75), (16.34996, 27.7, 50.03006), (3.939705, 27.7, 71.25), (10.82995, 27.7, 31.8902)], 'distances': [0.6489430307986691, 2.3745802670486156, 2.64566718862831, 5.638631444656674, 25.612425267988378], 'names': ['NU-AP06164', 'NU-AP06167', 'NU-AP06163', 'NU-AP06165', 'NU-AP06162'], 'timestamps': ['2026-07-02 17:37:41.989497', '2026-07-02 17:37:41.989497', '2026-07-02 17:37:41.986497', '2026-07-02 17:37:41.979497', '2026-07-02 17:37:41.896497'], 'signals': [-46, -58, -59, -66, -80], 'frequencies': [2462, 2462, 2412, 2437, 2462], 'prediction': (6.040, 27.700, 59.111)}
{'algorithm': 't3', 'coordinates': [(2.959996, 27.7, 44.9301), (6.579982, 27.7, 59.75), (16.34996, 27.7, 50.03006)], 'distances': [0.6489430307986691, 2.3745802670486156, 2.64566718862831], 'names': ['NU-AP06164', 'NU-AP06167', 'NU-AP06163'], 'timestamps': ['2026-07-02 17:37:41.989497', '2026-07-02 17:37:41.989497', '2026-07-02 17:37:41.986497'], 'signals': [-46, -58, -59], 'frequencies': [2462, 2462, 2412], 'prediction': (7.918, 27.700, 51.395)}
2026-07-02 17:37:42.716573
{'algorithm': 'ml', 'coordinates': [(2.959996, 27.7, 44.9301), (16.34996, 27.7, 50.03006), (6.579982, 27.7, 59.75), (3.939705, 27.7, 71.25)], 'distances': [0.4692037801362986, 1.9128906344201124, 2.3745802670486156, 5.638631444656674], 'names': ['NU-AP06164', 'NU-AP06163', 'NU-AP06167', 'NU-AP06165'], 'timestamps': ['2026-07-02 17:37:42.537145', '2026-07-02 17:37:42.534144', '2026-07-02 17:37:42.537145', '2026-07-02 17:37:42.537145'], 'signals': [-43, -56, -58, -66], 'frequencies': [2462, 2412, 2462, 2437], 'prediction': (5.574, 27.700, 58.102)}
{'algorithm': 't3', 'coordinates': [(2.959996, 27.7, 44.9301), (16.34996, 27.7, 50.03006), (6.579982, 27.7, 59.75)], 'distances': [0.4692037801362986, 1.9128906344201124, 2.3745802670486156], 'names': ['NU-AP06164', 'NU-AP06163', 'NU-AP06167'], 'timestamps': ['2026-07-02 17:37:42.537145', '2026-07-02 17:37:42.534144', '2026-07-02 17:37:42.537145'], 'signals': [-43, -56, -58], 'frequencies': [2462, 2412, 2462], 'prediction': (8.050, 27.700, 51.356)}
2026-07-02 17:37:43.259922
{'algorithm': 'ml', 'coordinates': [(2.959996, 27.7, 44.9301), (16.34996, 27.7, 50.03006), (6.579982, 27.7, 59.75), (3.939705, 27.7, 71.25)], 'distances': [0.5824494184289981, 2.131270126829564, 5.638631444656674, 5.638631444656674], 'names': ['NU-AP06164', 'NU-AP06163', 'NU-AP06167', 'NU-AP06165'], 'timestamps': ['2026-07-02 17:37:43.041364', '2026-07-02 17:37:42.952364', '2026-07-02 17:37:43.041364', '2026-07-02 17:37:42.901364'], 'signals': [-45, -57, -66, -66], 'frequencies': [2462, 2412, 2462, 2437], 'prediction': (5.517, 27.700, 58.216)}
{'algorithm': 't3', 'coordinates': [(2.959996, 27.7, 44.9301), (16.34996, 27.7, 50.03006), (6.579982, 27.7, 59.75)], 'distances': [0.5824494184289981, 2.131270126829564, 5.638631444656674], 'names': ['NU-AP06164', 'NU-AP06163', 'NU-AP06167'], 'timestamps': ['2026-07-02 17:37:43.041364', '2026-07-02 17:37:42.952364', '2026-07-02 17:37:43.041364'], 'signals': [-45, -57, -66], 'frequencies': [2462, 2412, 2462], 'prediction': (8.388, 27.700, 50.395)}
2026-07-02 17:37:43.819674
{'algorithm': 'ml', 'coordinates': [(2.959996, 27.7, 44.9301), (16.34996, 27.7, 50.03006), (6.579982, 27.7, 59.75), (3.939705, 27.7, 71.25)], 'distances': [0.5824494184289981, 2.131270126829564, 5.638631444656674, 5.638631444656674], 'names': ['NU-AP06164', 'NU-AP06163', 'NU-AP06167', 'NU-AP06165'], 'timestamps': ['2026-07-02 17:37:43.300564', '2026-07-02 17:37:42.995564', '2026-07-02 17:37:43.300564', '2026-07-02 17:37:42.944564'], 'signals': [-45, -57, -66, -66], 'frequencies': [2462, 2412, 2462, 2437], 'prediction': (5.517, 27.700, 58.216)}
{'algorithm': 't3', 'coordinates': [(2.959996, 27.7, 44.9301), (16.34996, 27.7, 50.03006), (6.579982, 27.7, 59.75)], 'distances': [0.5824494184289981, 2.131270126829564, 5.638631444656674], 'names': ['NU-AP06164', 'NU-AP06163', 'NU-AP06167'], 'timestamps': ['2026-07-02 17:37:43.300564', '2026-07-02 17:37:42.995564', '2026-07-02 17:37:43.300564'], 'signals': [-45, -57, -66], 'frequencies': [2462, 2412, 2462], 'prediction': (8.388, 27.700, 50.395)}
2026-07-02 17:37:44.369694
{'algorithm': 'ml', 'coordinates': [(2.959996, 27.7, 44.9301), (16.34996, 27.7, 50.03006), (6.579982, 27.7, 59.75), (3.939705, 27.7, 71.25)], 'distances': [0.5824494184289981, 2.131270126829564, 5.638631444656674, 5.638631444656674], 'names': ['NU-AP06164', 'NU-AP06163', 'NU-AP06167', 'NU-AP06165'], 'timestamps': ['2026-07-02 17:37:43.314404', '2026-07-02 17:37:43.009404', '2026-07-02 17:37:43.314404', '2026-07-02 17:37:42.958404'], 'signals': [-45, -57, -66, -66], 'frequencies': [2462, 2412, 2462, 2437], 'prediction': (5.517, 27.700, 58.216)}
{'algorithm': 't3', 'coordinates': [(2.959996, 27.7, 44.9301), (16.34996, 27.7, 50.03006), (6.579982, 27.7, 59.75)], 'distances': [0.5824494184289981, 2.131270126829564, 5.638631444656674], 'names': ['NU-AP06164', 'NU-AP06163', 'NU-AP06167'], 'timestamps': ['2026-07-02 17:37:43.314404', '2026-07-02 17:37:43.009404', '2026-07-02 17:37:43.314404'], 'signals': [-45, -57, -66], 'frequencies': [2462, 2412, 2462], 'prediction': (8.388, 27.700, 50.395)}
2026-07-02 17:37:44.910210
{'algorithm': 'ml', 'coordinates': [(2.959996, 27.7, 44.9301), (16.34996, 27.7, 50.03006), (6.579982, 27.7, 59.75), (3.939705, 27.7, 71.25)], 'distances': [0.5824494184289981, 2.131270126829564, 5.638631444656674, 5.638631444656674], 'names': ['NU-AP06164', 'NU-AP06163', 'NU-AP06167', 'NU-AP06165'], 'timestamps': ['2026-07-02 17:37:43.303663', '2026-07-02 17:37:42.998662', '2026-07-02 17:37:43.303663', '2026-07-02 17:37:42.947663'], 'signals': [-45, -57, -66, -66], 'frequencies': [2462, 2412, 2462, 2437], 'prediction': (5.517, 27.700, 58.216)}
{'algorithm': 't3', 'coordinates': [(2.959996, 27.7, 44.9301), (16.34996, 27.7, 50.03006), (6.579982, 27.7, 59.75)], 'distances': [0.5824494184289981, 2.131270126829564, 5.638631444656674], 'names': ['NU-AP06164', 'NU-AP06163', 'NU-AP06167'], 'timestamps': ['2026-07-02 17:37:43.303663', '2026-07-02 17:37:42.998662', '2026-07-02 17:37:43.303663'], 'signals': [-45, -57, -66], 'frequencies': [2462, 2412, 2462], 'prediction': (8.388, 27.700, 50.395)}
2026-07-02 17:37:45.457840
{'algorithm': 'ml', 'coordinates': [(2.959996, 27.7, 44.9301), (16.34996, 27.7, 50.03006), (6.579982, 27.7, 59.75), (3.939705, 27.7, 71.25)], 'distances': [0.5824494184289981, 2.131270126829564, 5.638631444656674, 5.638631444656674], 'names': ['NU-AP06164', 'NU-AP06163', 'NU-AP06167', 'NU-AP06165'], 'timestamps': ['2026-07-02 17:37:43.298023', '2026-07-02 17:37:42.993022', '2026-07-02 17:37:43.298023', '2026-07-02 17:37:42.942023'], 'signals': [-45, -57, -66, -66], 'frequencies': [2462, 2412, 2462, 2437], 'prediction': (5.517, 27.700, 58.216)}
{'algorithm': 't3', 'coordinates': [(2.959996, 27.7, 44.9301), (16.34996, 27.7, 50.03006), (6.579982, 27.7, 59.75)], 'distances': [0.5824494184289981, 2.131270126829564, 5.638631444656674], 'names': ['NU-AP06164', 'NU-AP06163', 'NU-AP06167'], 'timestamps': ['2026-07-02 17:37:43.298023', '2026-07-02 17:37:42.993022', '2026-07-02 17:37:43.298023'], 'signals': [-45, -57, -66], 'frequencies': [2462, 2412, 2462], 'prediction': (8.388, 27.700, 50.395)}
2026-07-02 17:37:46.005920
{'algorithm': 'ml', 'coordinates': [(2.959996, 27.7, 44.9301), (16.34996, 27.7, 50.03006), (6.579982, 27.7, 59.75), (3.939705, 27.7, 71.25)], 'distances': [0.5824494184289981, 2.131270126829564, 5.638631444656674, 5.638631444656674], 'names': ['NU-AP06164', 'NU-AP06163', 'NU-AP06167', 'NU-AP06165'], 'timestamps': ['2026-07-02 17:37:43.318765', '2026-07-02 17:37:43.013765', '2026-07-02 17:37:43.318765', '2026-07-02 17:37:42.962765'], 'signals': [-45, -57, -66, -66], 'frequencies': [2462, 2412, 2462, 2437], 'prediction': (5.517, 27.700, 58.216)}
{'algorithm': 't3', 'coordinates': [(2.959996, 27.7, 44.9301), (16.34996, 27.7, 50.03006), (6.579982, 27.7, 59.75)], 'distances': [0.5824494184289981, 2.131270126829564, 5.638631444656674], 'names': ['NU-AP06164', 'NU-AP06163', 'NU-AP06167'], 'timestamps': ['2026-07-02 17:37:43.318765', '2026-07-02 17:37:43.013765', '2026-07-02 17:37:43.318765'], 'signals': [-45, -57, -66], 'frequencies': [2462, 2412, 2462], 'prediction': (8.388, 27.700, 50.395)}
2026-07-02 17:37:46.555802
{'algorithm': 'ml', 'coordinates': [(2.959996, 27.7, 44.9301), (16.34996, 27.7, 50.03006), (6.579982, 27.7, 59.75), (3.939705, 27.7, 71.25)], 'distances': [0.5824494184289981, 2.131270126829564, 5.638631444656674, 5.638631444656674], 'names': ['NU-AP06164', 'NU-AP06163', 'NU-AP06167', 'NU-AP06165'], 'timestamps': ['2026-07-02 17:37:43.300393', '2026-07-02 17:37:42.995393', '2026-07-02 17:37:43.300393', '2026-07-02 17:37:42.944393'], 'signals': [-45, -57, -66, -66], 'frequencies': [2462, 2412, 2462, 2437], 'prediction': (5.517, 27.700, 58.216)}
{'algorithm': 't3', 'coordinates': [(2.959996, 27.7, 44.9301), (16.34996, 27.7, 50.03006), (6.579982, 27.7, 59.75)], 'distances': [0.5824494184289981, 2.131270126829564, 5.638631444656674], 'names': ['NU-AP06164', 'NU-AP06163', 'NU-AP06167'], 'timestamps': ['2026-07-02 17:37:43.300393', '2026-07-02 17:37:42.995393', '2026-07-02 17:37:43.300393'], 'signals': [-45, -57, -66], 'frequencies': [2462, 2412, 2462], 'prediction': (8.388, 27.700, 50.395)}
2026-07-02 17:37:47.163765
{'algorithm': 'ml', 'coordinates': [(2.959996, 27.7, 44.9301), (16.34996, 27.7, 50.03006), (6.579982, 27.7, 59.75), (3.939705, 27.7, 71.25)], 'distances': [0.5824494184289981, 2.131270126829564, 5.638631444656674, 5.638631444656674], 'names': ['NU-AP06164', 'NU-AP06163', 'NU-AP06167', 'NU-AP06165'], 'timestamps': ['2026-07-02 17:37:43.317412', '2026-07-02 17:37:43.012412', '2026-07-02 17:37:43.317412', '2026-07-02 17:37:42.961411'], 'signals': [-45, -57, -66, -66], 'frequencies': [2462, 2412, 2462, 2437], 'prediction': (5.517, 27.700, 58.216)}
{'algorithm': 't3', 'coordinates': [(2.959996, 27.7, 44.9301), (16.34996, 27.7, 50.03006), (6.579982, 27.7, 59.75)], 'distances': [0.5824494184289981, 2.131270126829564, 5.638631444656674], 'names': ['NU-AP06164', 'NU-AP06163', 'NU-AP06167'], 'timestamps': ['2026-07-02 17:37:43.317412', '2026-07-02 17:37:43.012412', '2026-07-02 17:37:43.317412'], 'signals': [-45, -57, -66], 'frequencies': [2462, 2412, 2462], 'prediction': (8.388, 27.700, 50.395)}
2026-07-02 17:37:47.610832
{'algorithm': 'ml', 'coordinates': [(2.959996, 27.7, 44.9301), (10.82995, 27.7, 31.8902), (16.34996, 27.7, 50.03006), (6.579982, 27.7, 59.75), (3.939705, 27.7, 71.25)], 'distances': [0.6489430307986691, 3.65915057925218, 4.542312353516106, 5.638631444656674, 5.638631444656674], 'names': ['NU-AP06164', 'NU-AP06162', 'NU-AP06163', 'NU-AP06167', 'NU-AP06165'], 'timestamps': ['2026-07-02 17:37:47.495069', '2026-07-02 17:37:47.493069', '2026-07-02 17:37:47.495069', '2026-07-02 17:37:43.332069', '2026-07-02 17:37:42.976069'], 'signals': [-46, -62, -64, -66, -66], 'frequencies': [2462, 2462, 2412, 2462, 2437], 'prediction': (3.230, 27.700, 53.887)}
{'algorithm': 't3', 'coordinates': [(2.959996, 27.7, 44.9301), (10.82995, 27.7, 31.8902), (16.34996, 27.7, 50.03006)], 'distances': [0.6489430307986691, 3.65915057925218, 4.542312353516106], 'names': ['NU-AP06164', 'NU-AP06162', 'NU-AP06163'], 'timestamps': ['2026-07-02 17:37:47.495069', '2026-07-02 17:37:47.493069', '2026-07-02 17:37:47.495069'], 'signals': [-46, -62, -64], 'frequencies': [2462, 2462, 2412], 'prediction': (11.180, 27.700, 41.494)}
2026-07-02 17:37:48.050445
{'algorithm': 'ml', 'coordinates': [(2.959996, 27.7, 44.9301), (16.34996, 27.7, 50.03006), (10.82995, 27.7, 31.8902), (16.18999, 27.7, 25.16043), (39.65981, 27.7, 24.37018)], 'distances': [0.8975355166572392, 1.5409673153732417, 2.131270126829564, 13.389382961641566, 16.621004879512792], 'names': ['NU-AP06164', 'NU-AP06163', 'NU-AP06162', 'NU-AP06161', 'NU-AP06150'], 'timestamps': ['2026-07-02 17:37:47.979750', '2026-07-02 17:37:47.973750', '2026-07-02 17:37:47.880749', '2026-07-02 17:37:47.948750', '2026-07-02 17:37:47.945750'], 'signals': [-49, -54, -57, -74, -76], 'frequencies': [2462, 2412, 2462, 2462, 2412], 'prediction': (23.699, 27.700, 41.259)}
{'algorithm': 't3', 'coordinates': [(2.959996, 27.7, 44.9301), (16.34996, 27.7, 50.03006), (10.82995, 27.7, 31.8902)], 'distances': [0.8975355166572392, 1.5409673153732417, 2.131270126829564], 'names': ['NU-AP06164', 'NU-AP06163', 'NU-AP06162'], 'timestamps': ['2026-07-02 17:37:47.979750', '2026-07-02 17:37:47.973750', '2026-07-02 17:37:47.880749'], 'signals': [-49, -54, -57], 'frequencies': [2462, 2412, 2462], 'prediction': (11.856, 27.700, 41.548)}
{'algorithm': 'mb', 'coordinates': [(2.959996, 27.7, 44.9301), (16.34996, 27.7, 50.03006), (10.82995, 27.7, 31.8902), (10.55, 31.3, 46.79)], 'distances': [0.8975355166572392, 1.5409673153732417, 2.131270126829564, 9.680894625777768], 'names': ['NU-AP06164', 'NU-AP06163', 'NU-AP06162', 'NU-AP07183'], 'timestamps': ['2026-07-02 17:37:47.979750', '2026-07-02 17:37:47.973750', '2026-07-02 17:37:47.880749', '2026-07-02 17:37:47.817750'], 'signals': [-49, -54, -57, -71], 'frequencies': [2462, 2412, 2462, 2412], 'prediction': (97.120, 122.086, 15.601)}
2026-07-02 17:37:48.545553
{'algorithm': 'ml', 'coordinates': [(2.959996, 27.7, 44.9301), (16.34996, 27.7, 50.03006), (10.82995, 27.7, 31.8902), (16.18999, 27.7, 25.16043), (39.65981, 27.7, 24.37018)], 'distances': [1.5409673153732417, 2.64566718862831, 2.9477019455249778, 10.7860852814305, 16.621004879512792], 'names': ['NU-AP06164', 'NU-AP06163', 'NU-AP06162', 'NU-AP06161', 'NU-AP06150'], 'timestamps': ['2026-07-02 17:37:48.435880', '2026-07-02 17:37:48.424880', '2026-07-02 17:37:48.398880', '2026-07-02 17:37:48.413880', '2026-07-02 17:37:48.307880'], 'signals': [-54, -59, -60, -72, -76], 'frequencies': [2462, 2412, 2462, 2462, 2412], 'prediction': (23.048, 27.700, 40.293)}
{'algorithm': 't3', 'coordinates': [(2.959996, 27.7, 44.9301), (16.34996, 27.7, 50.03006), (10.82995, 27.7, 31.8902)], 'distances': [1.5409673153732417, 2.64566718862831, 2.9477019455249778], 'names': ['NU-AP06164', 'NU-AP06163', 'NU-AP06162'], 'timestamps': ['2026-07-02 17:37:48.435880', '2026-07-02 17:37:48.424880', '2026-07-02 17:37:48.398880'], 'signals': [-54, -59, -60], 'frequencies': [2462, 2412, 2462], 'prediction': (11.733, 27.700, 41.572)}
{'algorithm': 'mb', 'coordinates': [(2.959996, 27.7, 44.9301), (16.34996, 27.7, 50.03006), (10.82995, 27.7, 31.8902), (38.76, 31.3, 27.96)], 'distances': [1.5409673153732417, 2.64566718862831, 2.9477019455249778, 5.060871986919683], 'names': ['NU-AP06164', 'NU-AP06163', 'NU-AP06162', 'NU-AP07194'], 'timestamps': ['2026-07-02 17:37:48.435880', '2026-07-02 17:37:48.424880', '2026-07-02 17:37:48.398880', '2026-07-02 17:37:48.428880'], 'signals': [-54, -59, -60, -65], 'frequencies': [2462, 2412, 2462, 2437], 'prediction': (96.996, -548.626, 15.626)}
2026-07-02 17:37:49.005182
{'algorithm': 'ml', 'coordinates': [(2.959996, 27.7, 44.9301), (10.82995, 27.7, 31.8902), (16.34996, 27.7, 50.03006), (16.18999, 27.7, 25.16043), (47.89969, 27.7, 31.2703)], 'distances': [2.3745802670486156, 2.3745802670486156, 2.64566718862831, 8.688946759651738, 14.917942201896008], 'names': ['NU-AP06164', 'NU-AP06162', 'NU-AP06163', 'NU-AP06161', 'NU-AP06148'], 'timestamps': ['2026-07-02 17:37:48.893090', '2026-07-02 17:37:48.871090', '2026-07-02 17:37:48.816090', '2026-07-02 17:37:48.888090', '2026-07-02 17:37:48.876090'], 'signals': [-58, -58, -59, -70, -75], 'frequencies': [2462, 2462, 2412, 2462, 2462], 'prediction': (26.107, 27.700, 40.837)}
{'algorithm': 't3', 'coordinates': [(2.959996, 27.7, 44.9301), (10.82995, 27.7, 31.8902), (16.34996, 27.7, 50.03006)], 'distances': [2.3745802670486156, 2.3745802670486156, 2.64566718862831], 'names': ['NU-AP06164', 'NU-AP06162', 'NU-AP06163'], 'timestamps': ['2026-07-02 17:37:48.893090', '2026-07-02 17:37:48.871090', '2026-07-02 17:37:48.816090'], 'signals': [-58, -58, -59], 'frequencies': [2462, 2462, 2412], 'prediction': (11.907, 27.700, 41.435)}
